images/frame1206.jpg 690,396,738,441,0
images/frame1855.jpg 721,384,774,401,0
images/frame1860.jpg 742,402,794,415,0 454,438,510,464,0
images/frame1866.jpg 247,532,352,589,0 785,430,858,449,0
images/frame1419.jpg 700,395,765,471,0
images/frame1984.jpg 852,534,980,575,0
images/frame1363.jpg 606,514,630,609,0
images/frame1963.jpg 698,384,776,418,0
images/frame390.jpg 806,491,894,559,0 878,544,950,584,0
images/frame155.jpg 493,461,632,513,0 647,463,718,507,0 521,407,586,456,0
images/frame344.jpg 846,502,880,526,0
images/frame553.jpg 429,467,546,588,0
images/frame1340.jpg 595,510,631,565,0
images/frame379.jpg 450,518,507,561,0
images/frame246.jpg 379,559,481,595,0
images/frame1446.jpg 742,455,851,565,0
images/frame1974.jpg 717,401,868,505,0 820,476,1007,580,0
images/frame1708.jpg 844,499,965,543,0
images/frame1960.jpg 695,375,757,410,0
images/frame422.jpg 474,476,501,491,0
images/frame1450.jpg 700,394,751,455,0 780,497,865,575,0
images/frame1865.jpg 300,505,390,558,0 772,420,845,443,0
images/frame2113.jpg 699,380,813,446,0
images/frame350.jpg 925,556,952,571,0
images/frame1841.jpg 811,440,926,483,0
images/frame1560.jpg 632,434,655,475,0
images/frame1370.jpg 600,531,634,559,0
images/frame2168.jpg 725,390,800,425,0 864,476,963,528,0
images/frame1338.jpg 614,475,631,573,0
images/frame236.jpg 511,406,598,481,0 742,456,784,479,0
images/frame81.jpg 859,524,887,548,0
images/frame482.jpg 544,429,610,474,0
images/frame1416.jpg 696,389,738,450,0
images/frame2152.jpg 723,386,841,457,0 876,492,935,520,0 693,366,729,385,0
images/frame1199.jpg 679,380,713,408,0
images/frame1314.jpg 504,505,556,559,0
images/frame375.jpg 785,456,864,483,0 541,428,574,465,0
images/frame264.jpg 784,493,857,537,0 739,441,793,468,0 465,452,553,496,0
images/frame177.jpg 456,506,511,531,0 490,456,555,493,0 535,410,594,446,0
images/frame2173.jpg 745,391,864,462,0
images/frame259.jpg 744,457,843,522,0 737,424,767,454,0 710,406,749,431,0
images/frame2139.jpg 707,377,740,396,0
images/frame1692.jpg 722,389,757,408,0
images/frame334.jpg 525,475,561,496,0
images/frame215.jpg 783,477,892,569,0 520,444,584,474,0 542,415,607,446,0
images/frame419.jpg 402,498,489,529,0 878,519,935,567,0 837,518,878,544,0 847,482,886,521,0
images/frame1217.jpg 745,484,864,586,0
images/frame1749.jpg 764,435,823,459,0
images/frame2178.jpg 781,433,845,454,0 848,450,934,515,0 945,527,1026,570,0
images/frame1438.jpg 695,395,802,512,0
images/frame1950.jpg 687,365,730,394,0
images/frame284.jpg 842,522,870,544,0
images/frame140.jpg 514,500,672,624,0 561,438,655,482,0 527,422,584,451,0 560,395,607,413,0
images/frame1495.jpg 623,478,668,533,0
images/frame1208.jpg 700,404,752,458,0
images/frame1948.jpg 685,365,715,383,0
images/frame1837.jpg 765,412,837,440,0
images/frame302.jpg 534,402,608,435,0
images/frame358.jpg 481,501,507,512,0
images/frame2122.jpg 735,398,902,510,0
images/frame262.jpg 790,532,898,570,0 753,450,808,491,0 728,415,766,450,0
images/frame117.jpg 578,452,630,482,0 471,438,555,487,0 529,403,604,431,0 578,368,628,395,0 675,399,749,438,0
images/frame2118.jpg 715,394,825,453,0 821,473,902,501,0
images/frame401.jpg 514,460,553,483,0
images/frame1424.jpg 709,415,782,496,0 789,504,833,568,0
images/frame2074.jpg 744,427,785,460,0
images/frame2234.jpg 809,454,917,497,0
images/frame269.jpg 811,505,903,581,0
images/frame413.jpg 776,475,867,518,0 481,445,580,495,0 691,418,790,459,0
images/frame220.jpg 421,511,517,572,0 492,463,566,510,0 547,413,598,456,0
images/frame241.jpg 853,554,885,579,0 762,458,806,482,0 455,454,558,538,0
images/frame104.jpg 467,594,534,632,0 710,431,749,453,0
images/frame545.jpg 548,414,594,445,0 604,364,735,458,0
images/frame1957.jpg 692,373,745,401,0
images/frame416.jpg 471,455,524,476,0 781,450,841,499,0
images/frame148.jpg 419,456,539,552,0 500,419,568,459,0
images/frame425.jpg 526,397,606,437,0
images/frame2108.jpg 698,380,772,422,0
images/frame1356.jpg 604,389,657,593,0
images/frame303.jpg 536,416,590,457,0
images/frame1829.jpg 726,384,784,403,0
images/frame123.jpg 480,486,624,545,0 495,437,593,478,0 524,414,591,432,0
images/frame452.jpg 716,420,759,457,0
images/frame128.jpg 548,488,609,535,0 580,458,638,474,0 592,398,657,425,0 532,407,583,437,0
images/frame245.jpg 431,533,502,574,0
images/frame2236.jpg 829,484,1006,550,0
images/frame1310.jpg 557,453,588,480,0
images/frame1474.jpg 318,445,427,504,0
images/frame95.jpg 736,422,791,438,0 586,429,619,446,0
images/frame2165.jpg 807,435,885,478,0 872,484,935,507,0 924,516,1072,571,0 711,375,781,414,0
images/frame1397.jpg 706,414,803,529,0
images/frame2221.jpg 720,387,775,406,0
images/frame1381.jpg 836,499,883,522,0
images/frame1411.jpg 687,382,716,420,0
images/frame76.jpg 821,506,879,528,0
images/frame2228.jpg 744,406,831,443,0
images/frame2150.jpg 833,457,882,491,0 901,506,956,535,0 713,382,820,439,0
images/frame238.jpg 472,410,592,511,0 774,481,817,515,0
images/frame1942.jpg 677,360,713,378,0
images/frame472.jpg 522,461,578,489,0
images/frame1402.jpg 736,450,844,577,0
images/frame1400.jpg 720,431,835,575,0
images/frame449.jpg 559,436,601,457,0 702,408,748,428,0
images/frame1496.jpg 626,501,676,552,0
images/frame1695.jpg 725,395,774,417,0
images/frame1753.jpg 826,487,903,515,0
images/frame1366.jpg 617,450,647,544,0
images/frame2219.jpg 712,380,764,406,0
images/frame2148.jpg 714,377,799,429,0
images/frame1382.jpg 872,530,928,548,0
images/frame1219.jpg 755,460,838,530,0 793,544,852,583,0
images/frame1467.jpg 354,462,398,488,0 460,402,510,436,0
images/frame389.jpg 791,475,899,554,0
images/frame1335.jpg 616,439,643,510,0
images/frame1702.jpg 759,424,827,451,0
images/frame1953.jpg 686,371,733,392,0
images/frame2134.jpg 924,543,1046,603,0
images/frame429.jpg 508,414,584,484,0
images/frame1956.jpg 689,371,741,402,0
images/frame164.jpg 416,489,521,575,0
images/frame1357.jpg 603,397,646,587,0
images/frame1406.jpg 779,513,850,579,0
images/frame1041.jpg 513,415,588,478,0
images/frame1471.jpg 395,424,468,468,0
images/frame2131.jpg 821,464,915,516,0
images/frame1561.jpg 628,446,656,491,0
images/frame138.jpg 525,474,670,568,0 596,425,652,459,0 715,552,738,577,0 465,465,506,505,0 501,437,569,466,0 547,409,587,434,0
images/frame147.jpg 499,573,607,623,0 432,433,551,536,0
images/frame400.jpg 526,451,569,473,0 843,531,893,555,0
images/frame2232.jpg 787,424,866,473,0
images/frame481.jpg 546,457,587,483,0 563,429,600,457,0
images/frame470.jpg 557,420,601,460,0
images/frame2225.jpg 733,397,799,420,0
images/frame1703.jpg 770,437,847,463,0
images/frame1566.jpg 613,530,652,613,0
images/frame1040.jpg 535,408,593,468,0
images/frame1826.jpg 715,378,763,400,0
images/frame2184.jpg 890,497,1061,561,0 805,428,827,455,0
images/frame1477.jpg 281,486,350,512,0
images/frame1832.jpg 740,393,795,412,0
images/frame137.jpg 533,460,670,525,0 695,516,738,541,0 599,420,653,443,0 474,477,529,500,0 507,431,584,452,0 555,404,600,420,0
images/frame1441.jpg 716,420,758,465,0 767,480,860,575,0
images/frame1975.jpg 732,412,876,507,0 830,474,986,575,0
images/frame336.jpg 502,521,528,534,0
images/frame178.jpg 489,464,540,513,0 530,411,584,455,0 568,383,615,408,0
images/frame116.jpg 584,443,624,466,0 507,441,550,477,0 537,405,587,434,0 582,374,623,405,0 684,404,738,427,0 666,374,713,398,0
images/frame2117.jpg 801,457,885,493,0 714,384,806,448,0
images/frame182.jpg 470,456,553,522,0 515,432,565,455,0 557,395,606,423,0 865,532,888,554,0 817,546,866,580,0
images/frame1395.jpg 700,403,768,484,0
images/frame453.jpg 728,424,767,468,0
images/frame1966.jpg 695,389,801,442,0
images/frame195.jpg 764,465,884,527,0 444,481,521,519,0 505,443,557,474,0 751,438,784,471,0
images/frame1439.jpg 700,407,822,535,0
images/frame162.jpg 411,454,557,588,0
images/frame1476.jpg 207,505,322,535,0
images/frame374.jpg 777,444,830,458,0 541,425,582,469,0
images/frame2161.jpg 822,449,979,543,0 768,407,825,449,0 699,370,755,406,0
images/frame194.jpg 434,456,549,595,0 802,477,839,511,0 739,429,802,478,0 522,436,575,452,0 548,407,607,432,0
images/frame1308.jpg 574,433,598,452,0
images/frame496.jpg 542,446,595,469,0 557,423,588,444,0
images/frame216.jpg 799,516,894,578,0 517,455,567,486,0 537,429,597,450,0 380,550,465,602,0 457,501,539,545,0
images/frame201.jpg 501,441,583,498,0 762,459,816,484,0
images/frame1213.jpg 716,432,815,541,0
images/frame217.jpg 403,543,494,606,0 499,466,558,500,0 530,431,602,461,0
images/frame1202.jpg 685,388,725,424,0
images/frame1409.jpg 684,378,713,412,0
images/frame209.jpg 488,479,556,537,0 576,496,610,519,0 793,486,825,519,0 756,455,799,474,0 728,418,776,448,0 517,432,598,469,0 563,399,619,421,0
images/frame1444.jpg 722,435,805,509,0 811,530,878,582,0
images/frame1035.jpg 526,390,607,475,0
images/frame1415.jpg 685,385,736,436,0
images/frame1086.jpg 513,405,602,472,0
images/frame1361.jpg 603,498,643,556,0
images/frame125.jpg 474,536,621,632,0 506,418,623,455,0
images/frame1943.jpg 677,359,711,379,0
images/frame1709.jpg 892,525,1030,580,0
images/frame237.jpg 487,427,592,482,0 746,460,796,495,0
images/frame1408.jpg 685,372,708,406,0
images/frame2183.jpg 840,476,987,532,0 958,536,1060,565,0
images/frame466.jpg 550,411,622,450,0
images/frame1491.jpg 635,433,673,580,0
images/frame479.jpg 547,405,623,462,0
images/frame129.jpg 536,513,607,543,0 581,468,627,486,0 600,411,674,438,0 525,429,574,442,0
images/frame414.jpg 806,488,901,537,0
images/frame142.jpg 509,570,628,636,0 375,525,471,563,0 533,457,661,538,0 515,411,593,451,0
images/frame114.jpg 784,493,828,529,0 600,431,627,448,0
images/frame2145.jpg 715,378,777,418,0
images/frame480.jpg 561,422,598,457,0
images/frame392.jpg 535,456,560,470,0 562,418,595,434,0
images/frame151.jpg 366,496,495,592,0 463,434,556,493,0 561,428,629,451,0 639,427,705,452,0 552,396,598,431,0
images/frame1486.jpg 638,398,664,521,0
images/frame1460.jpg 644,486,685,522,0 738,452,871,578,0
images/frame1212.jpg 708,424,795,518,0
images/frame1378.jpg 776,451,820,475,0
images/frame1493.jpg 629,442,679,580,0
images/frame1862.jpg 420,456,485,491,0 752,407,828,424,0
images/frame1967.jpg 695,386,820,450,0
images/frame1498.jpg 625,564,663,611,0
images/frame205.jpg 480,468,537,538,0 778,470,815,486,0 743,441,785,466,0 555,411,588,467,0 721,407,752,427,0
images/frame1978.jpg 752,431,870,496,0 820,480,984,570,0
images/frame1698.jpg 733,406,785,428,0
images/frame1168.jpg 770,520,800,563,0
images/frame1221.jpg 778,475,851,562,0
images/frame1354.jpg 596,537,627,586,0 610,466,644,515,0
images/frame102.jpg 517,514,574,552,0 830,507,901,534,0 698,415,751,439,0
images/frame1203.jpg 681,386,727,424,0
images/frame253.jpg 721,438,843,520,0 717,411,779,433,0
images/frame1371.jpg 600,572,625,596,0
images/frame1425.jpg 722,425,791,513,0 809,504,840,575,0
images/frame1463.jpg 817,535,864,584,0
images/frame103.jpg 501,552,559,587,0 698,423,752,439,0
images/frame475.jpg 569,400,616,443,0
images/frame146.jpg 491,546,647,629,0 461,428,569,514,0
images/frame1755.jpg 895,530,985,573,0
images/frame1432.jpg 571,487,603,518,0 652,413,677,460,0 760,467,870,578,0 686,387,739,431,0
images/frame144.jpg 515,483,654,606,0 500,419,583,475,0
images/frame372.jpg 865,524,915,549,0 824,513,847,531,0 802,495,824,505,0
images/frame1453.jpg 710,414,778,478,0 642,415,671,477,0
images/frame1846.jpg 932,519,1094,572,0
images/frame1748.jpg 756,428,824,453,0
images/frame130.jpg 505,554,601,577,0 577,483,624,506,0 591,414,660,445,0 521,420,574,454,0
images/frame2147.jpg 711,376,786,427,0
images/frame2237.jpg 860,492,1046,575,0
images/frame1961.jpg 694,383,768,417,0
images/frame1949.jpg 688,369,721,387,0
images/frame1038.jpg 540,388,610,456,0
images/frame1410.jpg 686,379,713,411,0
images/frame172.jpg 811,493,869,537,0 778,448,837,481,0 524,418,589,459,0
images/frame1417.jpg 695,387,746,459,0
images/frame1088.jpg 500,419,594,489,0
images/frame1447.jpg 755,476,869,575,0
images/frame550.jpg 504,428,577,508,0 388,563,462,619,0
images/frame1983.jpg 842,508,907,573,0
images/frame239.jpg 449,413,593,520,0 783,491,838,542,0
images/frame1360.jpg 610,469,643,531,0
images/frame1216.jpg 739,464,857,585,0
images/frame2129.jpg 788,445,855,488,0 860,505,954,556,0
images/frame1401.jpg 728,443,837,575,0
images/frame484.jpg 566,421,589,465,0 567,422,588,464,0
images/frame1484.jpg 637,391,663,478,0
images/frame2071.jpg 726,402,758,439,0
images/frame1200.jpg 679,380,721,415,0
images/frame1843.jpg 846,462,991,526,0
images/frame499.jpg 507,498,539,520,0
images/frame1309.jpg 564,439,600,474,0
images/frame1407.jpg 791,523,849,579,0
images/frame1358.jpg 620,451,648,500,0
images/frame1746.jpg 740,414,797,435,0
images/frame1567.jpg 615,544,647,615,0
images/frame2220.jpg 720,385,780,410,0
images/frame1211.jpg 701,423,784,493,0
images/frame189.jpg 498,414,585,492,0 735,433,764,451,0 720,404,765,427,0
images/frame1701.jpg 753,420,822,443,0
images/frame1751.jpg 796,455,855,484,0
images/frame1034.jpg 514,393,605,494,0
images/frame1429.jpg 750,451,860,582,0 599,450,621,472,0 685,378,730,417,0
images/frame165.jpg 426,519,502,570,0
images/frame1485.jpg 642,405,662,496,0
images/frame1427.jpg 725,435,860,575,0
images/frame405.jpg 502,405,591,484,0
images/frame2155.jpg 837,455,911,496,0 760,410,839,460,0 738,393,770,415,0 690,364,734,388,0
images/frame1977.jpg 734,426,886,510,0 807,486,997,575,0
images/frame171.jpg 789,473,853,515,0 762,441,806,474,0 526,420,584,469,0
images/frame1336.jpg 615,450,640,530,0
images/frame348.jpg 837,497,877,517,0 899,543,932,561,0
images/frame188.jpg 410,501,503,572,0 521,406,585,477,0
images/frame1210.jpg 700,407,762,477,0
images/frame210.jpg 562,513,610,542,0 820,506,861,534,0 776,460,816,498,0 739,429,787,469,0 492,492,558,525,0 515,447,575,490,0 567,393,617,437,0
images/frame474.jpg 481,486,562,530,0 537,459,592,482,0 542,409,617,449,0
images/frame254.jpg 720,445,880,545,0 707,414,778,442,0
images/frame113.jpg 770,482,804,502,0 778,509,814,539,0
images/frame1085.jpg 529,414,596,458,0
images/frame161.jpg 434,426,558,583,0
images/frame308.jpg 501,443,567,487,0
images/frame1976.jpg 736,412,853,495,0 800,460,1026,578,0
images/frame152.jpg 433,450,538,525,0 542,441,633,459,0 652,433,704,457,0 546,396,596,434,0
images/frame1840.jpg 798,435,902,468,0
images/frame1037.jpg 518,390,608,483,0
images/frame1339.jpg 600,482,635,555,0
images/frame2123.jpg 737,404,923,537,0
images/frame1847.jpg 551,381,587,403,0
images/frame1565.jpg 623,489,655,592,0
images/frame2121.jpg 735,399,871,491,0 966,547,1015,582,0
images/frame2227.jpg 738,408,811,430,0
images/frame1952.jpg 686,368,735,392,0
images/frame2163.jpg 867,476,993,557,0 789,416,844,449,0 820,456,900,493,0 707,373,765,410,0
images/frame377.jpg 824,471,923,564,0 537,452,562,469,0 556,436,578,453,0
images/frame1869.jpg 815,457,924,493,0
images/frame1355.jpg 612,488,633,545,0
images/frame2226.jpg 738,401,814,437,0
images/frame211.jpg 559,548,597,580,0 456,514,539,554,0 499,447,598,504,0 789,484,824,504,0 742,442,799,478,0 555,409,608,438,0 597,365,635,400,0
images/frame1742.jpg 727,395,763,417,0
images/frame347.jpg 824,478,852,498,0
images/frame2171.jpg 728,393,825,453,0 968,528,1058,572,0
images/frame197.jpg 770,456,826,500,0 830,504,889,554,0 472,464,556,506,0 538,413,601,452,0
images/frame2175.jpg 751,408,920,500,0
images/frame1445.jpg 728,447,826,533,0
images/frame143.jpg 538,572,621,609,0 539,474,643,554,0 506,415,592,470,0
images/frame2156.jpg 835,464,938,515,0 770,415,840,459,0 735,395,774,420,0 693,373,744,394,0
images/frame409.jpg 500,411,606,505,0 820,504,882,517,0 772,463,812,499,0 725,429,803,449,0 721,415,764,430,0 542,393,614,419,0
images/frame2128.jpg 825,476,1030,575,0 771,428,837,468,0
images/frame1705.jpg 798,453,873,480,0
images/frame176.jpg 476,479,524,513,0 507,443,560,475,0 549,407,596,438,0
images/frame543.jpg 596,363,735,434,0
images/frame1368.jpg 606,482,649,583,0
images/frame1845.jpg 905,494,1089,573,0
images/frame435.jpg 412,469,537,587,0
images/frame2231.jpg 778,428,870,468,0
images/frame417.jpg 464,458,510,495,0 786,471,874,517,0
images/frame1215.jpg 730,457,854,582,0
images/frame255.jpg 715,448,902,570,0 721,425,790,448,0
images/frame349.jpg 863,516,913,539,0
images/frame2120.jpg 905,513,976,564,0 723,397,850,478,0
images/frame310.jpg 469,454,558,511,0
images/frame2176.jpg 765,416,930,514,0
images/frame1951.jpg 681,368,729,389,0
images/frame121.jpg 534,522,606,572,0 510,463,637,495,0 465,489,506,518,0 556,396,602,431,0 509,428,563,459,0 692,433,765,447,0 710,457,764,487,0
images/frame186.jpg 456,474,525,520,0 528,397,593,456,0 711,397,755,432,0
images/frame378.jpg 820,495,941,563,0 527,457,562,482,0 541,419,587,456,0
images/frame191.jpg 487,437,575,515,0 546,418,585,434,0 738,450,790,479,0 717,415,778,443,0
images/frame2239.jpg 947,543,1040,578,0
images/frame1457.jpg 638,441,681,473,0 631,504,670,527,0 715,425,849,560,0
images/frame2153.jpg 723,383,860,464,0 926,518,974,546,0 694,367,725,385,0
images/frame407.jpg 501,403,598,490,0 775,468,839,494,0 719,412,782,441,0
images/frame398.jpg 498,462,561,487,0 542,432,573,449,0
images/frame1965.jpg 697,385,792,432,0
images/frame376.jpg 784,469,908,514,0 548,436,580,458,0
images/frame1744.jpg 724,400,785,423,0
images/frame467.jpg 554,399,625,445,0
images/frame1472.jpg 375,433,459,476,0
images/frame394.jpg 538,426,583,443,0
images/frame99.jpg 766,459,813,484,0 552,465,601,483,0 703,406,729,422,0
images/frame2114.jpg 705,383,820,454,0
images/frame1858.jpg 735,398,785,411,0 478,424,535,450,0
images/frame126.jpg 468,596,605,638,0 509,561,589,591,0 366,566,410,606,0 410,525,459,556,0 565,464,628,488,0 595,441,631,454,0 520,425,580,445,0 600,400,661,424,0
images/frame244.jpg 833,529,866,555,0 512,479,549,512,0 474,504,526,537,0
images/frame412.jpg 766,466,840,491,0 503,462,559,492,0 528,419,565,448,0 736,414,794,460,0
images/frame483.jpg 562,436,591,470,0
images/frame111.jpg 755,470,784,489,0 742,447,779,464,0
images/frame410.jpg 856,513,914,557,0 471,423,576,511,0 542,386,626,425,0 719,437,824,473,0 732,419,773,437,0
images/frame393.jpg 553,419,587,439,0
images/frame187.jpg 537,411,590,450,0 435,488,499,538,0
images/frame1313.jpg 522,476,563,553,0
images/frame181.jpg 439,513,483,551,0 522,420,572,446,0 487,451,564,501,0 833,510,865,524,0
images/frame1870.jpg 840,470,945,508,0
images/frame2185.jpg 945,522,1079,575,0 815,440,848,468,0
images/frame1696.jpg 725,398,774,425,0
images/frame1201.jpg 680,383,727,420,0
images/frame2151.jpg 721,387,832,448,0 832,473,895,494,0 960,527,992,556,0 693,365,729,382,0
images/frame464.jpg 568,413,616,437,0
images/frame373.jpg 768,430,818,461,0
images/frame1362.jpg 600,493,635,593,0
images/frame1971.jpg 712,400,873,498,0
images/frame343.jpg 819,483,874,513,0
images/frame1867.jpg 170,567,290,631,0 790,440,878,465,0
images/frame1868.jpg 800,450,890,475,0
images/frame156.jpg 477,483,627,536,0 643,477,738,522,0 515,411,593,465,0
images/frame476.jpg 449,544,507,576,0 512,481,570,522,0 488,469,532,496,0 563,405,617,447,0
images/frame131.jpg 565,495,621,533,0 596,414,668,445,0 607,396,642,411,0 513,415,579,463,0 557,392,596,410,0
images/frame1452.jpg 703,413,761,461,0
images/frame1443.jpg 715,425,784,488,0 800,524,874,580,0
images/frame403.jpg 523,432,572,461,0 548,401,594,434,0
images/frame1489.jpg 632,418,665,610,0
images/frame101.jpg 536,496,584,524,0 806,491,854,511,0 709,411,737,431,0
images/frame1834.jpg 748,400,805,424,0
images/frame1133.jpg 310,498,375,529,0 413,473,451,492,0
images/frame1464.jpg 786,511,836,555,0
images/frame1321.jpg 529,491,546,515,0
images/frame110.jpg 754,461,774,477,0 739,445,773,455,0
images/frame2110.jpg 699,378,781,434,0
images/frame1470.jpg 418,418,482,455,0
images/frame213.jpg 766,458,825,511,0 835,523,880,550,0 464,454,571,555,0 546,412,607,452,0
images/frame1859.jpg 735,400,788,413,0 473,428,525,457,0
images/frame203.jpg 505,450,565,533,0 570,415,597,443,0
images/frame1973.jpg 722,404,955,552,0
images/frame1036.jpg 528,385,610,468,0
images/frame1436.jpg 646,440,695,535,0 694,396,772,478,0 828,540,879,579,0
images/frame145.jpg 502,521,647,626,0 473,431,575,509,0
images/frame460.jpg 721,413,789,454,0 570,419,599,433,0 587,393,627,410,0 563,439,596,462,0
images/frame2127.jpg 770,427,1041,575,0
images/frame1959.jpg 695,379,755,409,0
images/frame221.jpg 388,547,492,611,0 459,487,549,537,0 545,403,595,482,0
images/frame468.jpg 544,405,620,463,0
images/frame184.jpg 487,445,560,479,0 428,481,529,561,0 548,397,598,437,0
images/frame1981.jpg 787,470,983,568,0
images/frame1831.jpg 732,389,787,407,0
images/frame1864.jpg 759,417,834,439,0 355,493,435,519,0
images/frame340.jpg 816,457,837,474,0
images/frame1856.jpg 725,390,770,407,0
images/frame1422.jpg 708,407,780,495,0
images/frame1423.jpg 713,409,783,499,0 785,505,800,519,0 800,527,844,566,0
images/frame190.jpg 501,413,583,488,0 728,418,784,455,0
images/frame2172.jpg 742,403,850,454,0
images/frame1745.jpg 736,408,785,429,0
images/frame199.jpg 396,510,492,566,0 798,495,869,534,0 771,460,828,483,0 535,432,592,463,0
images/frame1468.jpg 450,408,497,446,0 329,474,368,508,0
images/frame1828.jpg 723,385,770,402,0
images/frame1377.jpg 763,438,805,463,0
images/frame2230.jpg 764,419,840,450,0
images/frame2187.jpg 755,409,826,424,0
images/frame428.jpg 527,405,595,459,0
images/frame2164.jpg 800,426,868,462,0 840,465,905,492,0 897,499,1028,575,0 708,374,775,405,0
images/frame387.jpg 801,479,849,506,0 768,447,820,477,0 523,447,564,470,0
images/frame1433.jpg 565,518,601,546,0 766,475,875,579,0 689,385,746,441,0
images/frame240.jpg 430,438,580,543,0 817,527,862,559,0 776,481,807,501,0 760,452,788,475,0
images/frame345.jpg 790,455,822,467,0
images/frame301.jpg 562,400,612,433,0
images/frame461.jpg 712,433,789,469,0 595,451,654,478,0 567,421,599,442,0 584,392,626,413,0
images/frame1365.jpg 617,445,640,596,0
images/frame1218.jpg 756,506,864,580,0
images/frame202.jpg 507,438,579,515,0 840,531,875,542,0
images/frame1838.jpg 780,420,854,452,0
images/frame1396.jpg 705,406,780,508,0
images/frame430.jpg 506,424,587,488,0
images/frame2143.jpg 707,375,766,409,0
images/frame1490.jpg 635,422,667,589,0
images/frame1398.jpg 704,418,791,527,0
images/frame1694.jpg 713,392,767,415,0
images/frame192.jpg 462,442,590,533,0 526,419,580,441,0 751,429,808,484,0 726,410,757,429,0
images/frame486.jpg 388,596,480,634,0
images/frame421.jpg 333,562,398,599,0
images/frame1431.jpg 585,472,610,498,0 741,449,868,577,0 690,385,738,430,0
images/frame1222.jpg 799,495,875,574,0
images/frame1844.jpg 875,480,1038,552,0
images/frame1418.jpg 695,388,749,464,0
images/frame207.jpg 517,452,594,514,0 753,463,805,492,0 588,464,636,485,0 721,416,762,446,0 540,419,607,452,0
images/frame1969.jpg 697,388,855,476,0
images/frame2159.jpg 883,505,1052,576,0 848,473,935,512,0 795,434,869,472,0 756,404,808,436,0 698,368,754,400,0
images/frame384.jpg 499,453,533,482,0
images/frame391.jpg 846,527,930,569,0
images/frame2170.jpg 915,504,1072,570,0 724,388,820,437,0
images/frame1954.jpg 690,370,735,402,0
images/frame1691.jpg 700,382,746,403,0
images/frame1380.jpg 821,485,857,500,0
images/frame1857.jpg 728,392,785,407,0 490,410,542,439,0
images/frame2182.jpg 842,462,940,510,0 930,511,1072,574,0
images/frame1944.jpg 680,359,710,383,0
images/frame2167.jpg 842,460,940,520,0 724,387,789,420,0
images/frame160.jpg 451,437,564,542,0
images/frame2135.jpg 690,370,745,390,0
images/frame2158.jpg 850,481,1020,564,0 785,425,848,460,0 830,445,890,485,0 752,393,791,425,0 702,367,738,390,0
images/frame1449.jpg 783,505,865,578,0 695,395,737,429,0
images/frame1466.jpg 470,406,519,431,0 380,451,425,477,0
images/frame134.jpg 519,604,579,628,0 570,541,625,564,0 564,500,629,520,0 677,466,701,488,0 583,433,664,486,0 604,406,651,428,0 461,483,528,525,0 506,446,564,473,0 543,419,580,438,0
images/frame1391.jpg 695,394,736,446,0
images/frame1836.jpg 760,408,827,436,0
images/frame1167.jpg 752,504,785,530,0
images/frame200.jpg 810,516,897,555,0 762,457,839,510,0 530,428,596,469,0
images/frame139.jpg 519,488,682,597,0 571,436,646,475,0 537,420,591,448,0
images/frame2116.jpg 794,448,876,477,0 705,385,809,445,0
images/frame1475.jpg 362,457,403,482,0 271,482,361,515,0
images/frame1390.jpg 690,391,727,429,0
images/frame2224.jpg 730,395,796,422,0
images/frame2125.jpg 746,410,1015,578,0
images/frame1497.jpg 624,526,664,575,0
images/frame311.jpg 461,476,533,532,0
images/frame548.jpg 592,368,741,468,0 530,429,587,469,0
images/frame1214.jpg 725,445,841,572,0
images/frame1871.jpg 870,494,973,529,0
images/frame1205.jpg 683,394,736,437,0
images/frame1389.jpg 686,385,720,427,0
images/frame1473.jpg 348,438,441,491,0
images/frame265.jpg 806,510,877,566,0 737,452,797,483,0 463,466,534,502,0
images/frame1442.jpg 717,425,771,473,0 784,502,874,580,0
images/frame258.jpg 711,423,762,450,0 705,406,744,424,0 743,456,829,496,0
images/frame1706.jpg 809,465,897,496,0
images/frame223.jpg 398,536,516,615,0 496,488,546,519,0 521,406,598,481,0
images/frame1207.jpg 689,405,750,445,0
images/frame1437.jpg 697,398,784,494,0 839,544,857,574,0
images/frame1393.jpg 694,395,745,456,0
images/frame1700.jpg 748,415,800,441,0
images/frame399.jpg 525,436,577,466,0
images/frame2124.jpg 742,412,969,562,0
images/frame119.jpg 564,477,621,509,0 445,479,516,525,0 493,433,570,470,0 542,402,593,429,0 570,386,609,402,0 687,415,756,441,0
images/frame420.jpg 374,522,431,565,0 825,513,907,545,0
images/frame341.jpg 828,469,855,493,0
images/frame266.jpg 757,454,814,509,0
images/frame173.jpg 790,459,871,519,0 517,448,560,479,0 538,424,578,448,0 565,396,601,420,0
images/frame1842.jpg 820,447,961,501,0
images/frame212.jpg 522,597,585,625,0 761,448,817,501,0 801,495,846,519,0 479,465,571,529,0 558,409,610,442,0
images/frame1353.jpg 619,460,645,485,0 607,506,640,547,0
images/frame2140.jpg 705,375,748,401,0
images/frame150.jpg 354,482,509,618,0 471,433,557,482,0 564,422,637,448,0 652,424,692,445,0 560,391,600,419,0
images/frame1747.jpg 745,419,800,441,0
images/frame307.jpg 508,441,583,476,0
images/frame546.jpg 588,369,737,449,0 538,413,593,456,0 516,476,546,498,0
images/frame2146.jpg 707,380,793,424,0
images/frame1359.jpg 603,398,656,577,0
images/frame478.jpg 556,409,618,463,0
images/frame206.jpg 481,483,538,533,0 540,424,587,481,0 747,450,794,472,0 735,428,771,445,0
images/frame120.jpg 554,489,602,534,0 439,483,520,518,0 476,455,562,476,0 510,424,586,449,0 559,401,601,423,0 688,422,759,439,0 713,450,753,470,0
images/frame1392.jpg 691,389,735,455,0
images/frame198.jpg 449,482,539,529,0 825,514,926,565,0 770,479,842,509,0 757,448,802,475,0 515,427,611,472,0
images/frame1421.jpg 706,399,789,512,0
images/frame1403.jpg 746,466,845,569,0
images/frame1754.jpg 851,507,944,546,0
images/frame2218.jpg 719,385,764,402,0
images/frame1451.jpg 703,403,755,455,0
images/frame305.jpg 540,424,587,451,0
images/frame1972.jpg 719,401,904,517,0
images/frame257.jpg 737,441,805,484,0 787,475,910,578,0
images/frame1456.jpg 710,419,823,535,0 637,434,680,504,0
images/frame268.jpg 768,489,878,544,0
images/frame309.jpg 491,448,574,494,0
images/frame1833.jpg 736,395,802,415,0
images/frame2137.jpg 707,376,747,402,0
images/frame175.jpg 824,496,884,547,0 485,470,539,501,0 520,441,562,463,0 547,406,603,434,0
images/frame1426.jpg 725,430,850,575,0 690,380,719,411,0
images/frame1707.jpg 825,481,938,519,0
images/frame1955.jpg 690,371,745,408,0
images/frame437.jpg 404,526,508,617,0 547,430,593,459,0
images/frame1459.jpg 638,467,684,507,0 741,462,857,575,0
images/frame149.jpg 384,468,543,579,0 489,436,564,464,0 575,423,640,443,0 653,419,698,439,0 570,395,602,414,0
images/frame132.jpg 551,518,621,560,0 817,500,855,521,0 579,464,642,481,0 587,424,666,454,0 516,447,564,465,0 527,422,583,439,0 551,406,593,422,0
images/frame1413.jpg 693,380,727,427,0
images/frame1209.jpg 690,405,765,464,0
images/frame463.jpg 551,441,597,469,0 572,406,613,427,0 740,430,780,461,0
images/frame218.jpg 485,474,555,516,0 517,443,588,479,0 850,549,902,572,0
images/frame1478.jpg 241,502,307,523,0
images/frame1616.jpg 766,483,787,512,0
images/frame2119.jpg 724,392,828,468,0 882,484,930,535,0
images/frame1750.jpg 775,445,840,469,0
images/frame1863.jpg 385,473,468,502,0 761,412,829,427,0
images/frame2181.jpg 828,455,910,496,0 885,500,1056,569,0
images/frame388.jpg 823,492,895,540,0 778,457,848,496,0 513,456,563,489,0
images/frame1982.jpg 814,492,996,562,0
images/frame1487.jpg 634,407,667,537,0
images/frame1204.jpg 683,385,732,436,0
images/frame154.jpg 518,452,633,491,0 648,451,709,487,0 537,407,592,447,0
images/frame2233.jpg 795,444,895,485,0
images/frame127.jpg 486,604,560,639,0 357,555,420,613,0 565,479,621,504,0 593,447,629,469,0 825,483,866,514,0 518,434,577,460,0 541,401,600,423,0 609,392,654,423,0
images/frame1454.jpg 705,411,791,494,0 648,423,671,442,0
images/frame431.jpg 487,438,563,508,0
images/frame219.jpg 455,489,535,539,0 503,452,590,483,0
images/frame1448.jpg 768,494,877,579,0 694,395,740,435,0
images/frame1494.jpg 634,460,665,510,0
images/frame135.jpg 569,433,674,496,0 689,468,715,493,0 441,492,505,520,0 487,442,555,479,0 519,418,583,438,0
images/frame495.jpg 524,444,598,480,0 563,424,597,438,0
images/frame1412.jpg 686,379,713,419,0
images/frame471.jpg 532,425,603,476,0 711,393,737,423,0
images/frame337.jpg 806,471,829,486,0
images/frame469.jpg 547,397,602,464,0
images/frame2179.jpg 790,429,857,462,0 859,465,968,524,0 980,549,1060,571,0
images/frame196.jpg 846,530,925,561,0 783,481,852,514,0 761,455,807,478,0 492,456,552,489,0
images/frame2229.jpg 756,415,825,453,0
images/frame2235.jpg 830,461,949,525,0
images/frame179.jpg 515,419,589,472,0 448,485,521,535,0 838,506,874,532,0
images/frame1488.jpg 635,412,665,579,0
images/frame304.jpg 529,419,591,462,0
images/frame434.jpg 444,461,547,540,0
images/frame1394.jpg 695,398,758,468,0
images/frame406.jpg 492,405,595,494,0 760,458,814,481,0 726,432,787,450,0 715,404,780,428,0
images/frame2109.jpg 695,380,786,427,0
images/frame185.jpg 481,461,543,491,0 522,400,606,447,0
images/frame2149.jpg 723,383,808,433,0 808,455,856,475,0 875,484,913,505,0
images/frame397.jpg 514,451,562,472,0
images/frame1946.jpg 678,360,718,385,0
images/frame2112.jpg 699,381,805,435,0
images/frame333.jpg 538,467,570,479,0
images/frame402.jpg 510,435,562,457,0 489,472,551,498,0
images/frame2138.jpg 703,375,755,398,0
images/frame2072.jpg 731,409,774,448,0
images/frame263.jpg 846,523,905,557,0 772,468,829,509,0 729,424,779,457,0 479,443,567,477,0
images/frame1564.jpg 615,480,659,573,0
images/frame411.jpg 743,444,829,479,0 901,558,952,576,0 519,433,580,497,0 716,424,786,436,0 537,394,600,432,0
images/frame1872.jpg 901,512,1012,561,0
images/frame2133.jpg 875,516,1006,569,0
images/frame1462.jpg 643,533,689,582,0 765,474,788,506,0 795,515,830,550,0 824,556,865,582,0
images/frame448.jpg 567,432,593,447,0
images/frame1980.jpg 779,458,868,512,0
images/frame2111.jpg 700,381,810,434,0
images/frame1388.jpg 685,376,716,418,0
images/frame77.jpg 849,527,902,548,0
images/frame489.jpg 537,442,597,469,0 556,410,600,429,0
images/frame2142.jpg 703,371,755,401,0
images/frame549.jpg 569,364,764,492,0 528,435,580,467,0
images/frame124.jpg 450,517,616,570,0 452,491,527,511,0 528,410,602,454,0
images/frame346.jpg 807,461,833,480,0
images/frame1743.jpg 728,401,762,416,0
images/frame97.jpg 561,443,623,459,0 747,438,801,457,0
images/frame465.jpg 564,405,624,435,0
images/frame1958.jpg 693,375,755,405,0
images/frame552.jpg 472,444,569,544,0
images/frame112.jpg 771,484,800,514,0 759,468,793,483,0
images/frame451.jpg 719,416,764,444,0
images/frame418.jpg 812,487,885,539,0 449,471,494,512,0 738,421,803,479,0
images/frame1430.jpg 740,448,862,576,0 591,466,610,475,0 688,384,735,424,0
images/frame133.jpg 539,546,609,589,0 577,474,625,502,0 577,425,671,460,0 506,446,555,466,0 530,423,578,443,0 555,407,592,418,0 610,401,650,418,0 675,442,703,460,0
images/frame1404.jpg 757,477,855,582,0
images/frame426.jpg 548,404,600,435,0
images/frame1873.jpg 948,541,1052,578,0
images/frame332.jpg 797,500,818,521,0
images/frame118.jpg 575,466,621,491,0 464,460,543,509,0 519,415,595,447,0 559,386,621,404,0 686,412,759,431,0
images/frame544.jpg 612,362,742,444,0 563,405,604,436,0 518,445,572,471,0
images/frame1697.jpg 734,400,780,426,0
images/frame1379.jpg 794,466,833,481,0
images/frame158.jpg 460,525,618,593,0 660,516,739,584,0 488,418,583,495,0
images/frame256.jpg 770,457,919,591,0 734,427,787,461,0
images/frame1945.jpg 685,363,712,385,0
images/frame1087.jpg 516,416,587,475,0
images/frame153.jpg 528,443,624,475,0 647,442,714,467,0 542,404,600,438,0
images/frame1369.jpg 610,493,643,544,0
images/frame1861.jpg 746,400,819,421,0 433,441,507,484,0
images/frame2186.jpg 834,455,871,474,0 988,548,1090,603,0 817,427,838,443,0 755,403,800,423,0
images/frame1399.jpg 713,424,815,563,0
images/frame1964.jpg 699,383,787,428,0
images/frame1455.jpg 711,415,803,515,0 646,426,672,488,0
images/frame1563.jpg 623,472,660,550,0
images/frame1968.jpg 700,383,820,458,0
images/frame1979.jpg 768,443,870,497,0 840,495,953,573,0
images/frame224.jpg 343,574,499,633,0 447,500,547,566,0
images/frame80.jpg 849,515,879,536,0
images/frame115.jpg 573,428,640,461,0
images/frame193.jpg 442,452,558,574,0 529,433,560,448,0 722,432,826,500,0
images/frame1461.jpg 638,503,692,554,0 750,458,771,484,0 770,489,801,516,0 792,526,857,579,0
images/frame2073.jpg 735,418,788,461,0
images/frame1458.jpg 644,457,675,480,0 635,535,669,560,0 726,435,859,575,0
images/frame2141.jpg 712,380,755,404,0
images/frame339.jpg 833,474,857,493,0 795,449,816,457,0
images/frame2169.jpg 890,489,999,547,0 723,390,808,437,0
images/frame1562.jpg 627,457,658,509,0
images/frame436.jpg 403,502,506,603,0 557,419,598,444,0
images/frame163.jpg 384,466,548,627,0
images/frame2223.jpg 725,393,787,418,0
images/frame1827.jpg 720,380,767,398,0
images/frame1334.jpg 619,429,640,498,0
images/frame1741.jpg 716,390,757,414,0
images/frame1465.jpg 410,440,433,464,0 481,399,529,424,0
images/frame433.jpg 458,449,561,523,0
images/frame415.jpg 886,519,940,567,0 817,511,867,550,0 483,446,545,464,0 483,465,535,483,0
images/frame1699.jpg 747,410,796,427,0
images/frame1312.jpg 527,467,580,525,0
images/frame242.jpg 408,475,558,563,0 819,516,848,542,0 790,486,805,498,0
images/frame2115.jpg 704,387,835,460,0
images/frame1693.jpg 715,388,762,412,0
images/frame300.jpg 541,386,613,431,0
images/frame1337.jpg 610,459,637,520,0
images/frame1469.jpg 434,410,495,451,0 287,485,337,520,0
images/frame2160.jpg 805,442,944,520,0 923,528,1080,583,0 762,400,814,440,0 701,375,757,403,0
images/frame2136.jpg 701,371,742,402,0
images/frame1435.jpg 650,431,684,520,0 690,390,760,466,0 800,513,871,581,0
images/frame222.jpg 447,505,531,565,0 516,410,602,501,0 693,401,733,448,0
images/frame2144.jpg 707,375,769,413,0
images/frame1704.jpg 785,441,854,471,0
images/frame98.jpg 754,446,807,469,0 559,452,610,470,0
images/frame547.jpg 495,483,550,511,0 541,424,592,457,0 588,366,742,465,0
images/frame1311.jpg 541,461,590,500,0
images/frame157.jpg 451,502,615,559,0 643,496,728,550,0 486,416,596,479,0
images/frame473.jpg 502,475,562,499,0 546,447,584,463,0 575,392,616,430,0 710,396,750,430,0
images/frame267.jpg 775,473,835,529,0
images/frame1039.jpg 532,390,612,467,0
images/frame432.jpg 457,434,569,531,0
images/frame370.jpg 471,501,511,554,0
images/frame2180.jpg 796,443,883,475,0 850,478,1030,554,0
images/frame2177.jpg 898,504,985,548,0 767,418,912,503,0
images/frame243.jpg 435,481,551,564,0 796,498,842,525,0
images/frame2154.jpg 790,444,887,480,0 740,407,800,433,0 727,391,766,407,0 699,372,725,384,0 974,543,1028,574,0
images/frame2162.jpg 703,375,757,405,0 775,418,826,441,0 814,448,860,462,0 845,467,944,525,0
images/frame2130.jpg 804,458,886,505,0 870,513,1025,579,0
images/frame462.jpg 765,461,814,493,0 557,429,594,454,0 582,391,618,421,0 718,417,783,448,0
images/frame214.jpg 776,468,845,530,0 549,407,607,439,0 538,438,584,456,0
images/frame1428.jpg 740,447,865,581,0
images/frame2157.jpg 859,480,970,536,0 771,421,876,479,0 743,394,783,423,0 695,373,730,390,0
images/frame180.jpg 452,500,498,536,0 861,536,905,557,0 498,418,584,479,0
images/frame1223.jpg 816,520,891,572,0
images/frame1220.jpg 773,470,838,548,0
images/frame174.jpg 789,477,885,550,0 506,455,553,483,0 528,431,566,448,0 557,401,597,429,0
images/frame1405.jpg 768,489,847,579,0
images/frame2078.jpg 784,461,824,483,0
images/frame2132.jpg 848,498,958,538,0
images/frame141.jpg 507,531,651,623,0 557,447,655,514,0 452,457,545,504,0 424,497,489,539,0 314,583,424,641,0 525,402,601,450,0
images/frame1752.jpg 808,471,876,494,0
images/frame371.jpg 455,509,521,565,0 821,498,884,528,0
images/frame342.jpg 806,469,875,501,0
images/frame1414.jpg 686,382,731,431,0
images/frame2126.jpg 753,420,1013,570,0
images/frame1830.jpg 730,387,783,412,0
images/frame260.jpg 764,479,863,548,0 749,438,784,456,0 720,409,753,434,0
images/frame404.jpg 512,439,561,466,0 544,398,597,435,0
images/frame2238.jpg 906,520,1065,576,0
images/frame450.jpg 714,412,753,435,0
images/frame1492.jpg 628,440,674,606,0
images/frame1962.jpg 695,381,775,415,0
images/frame1420.jpg 701,401,770,488,0
images/frame208.jpg 501,481,564,518,0 579,481,620,509,0 528,466,580,484,0 531,436,575,458,0 772,469,824,501,0 728,419,789,461,0 576,393,621,416,0
images/frame477.jpg 385,575,484,635,0 564,402,623,460,0 584,438,601,444,0
images/frame183.jpg 453,464,546,534,0 512,449,563,464,0 547,393,606,439,0
images/frame159.jpg 462,561,612,638,0 652,551,760,632,0 482,425,563,518,0
images/frame1690.jpg 705,380,741,406,0
images/frame1839.jpg 785,421,865,455,0
images/frame204.jpg 484,448,551,551,0 560,406,599,451,0 732,433,774,449,0
images/frame100.jpg 536,477,598,502,0 774,472,848,497,0 697,411,734,424,0
images/frame1440.jpg 754,462,855,573,0 706,408,750,449,0
images/frame2174.jpg 749,406,889,475,0
images/frame1947.jpg 681,360,723,390,0
images/frame1367.jpg 611,458,642,588,0
images/frame551.jpg 492,445,563,522,0
images/frame2166.jpg 714,383,782,419,0 820,445,909,488,0 895,500,975,538,0 974,545,1053,574,0
images/frame1364.jpg 611,436,643,608,0
images/frame2222.jpg 719,390,778,416,0
images/frame122.jpg 525,554,588,598,0 461,464,629,524,0 532,409,585,455,0
images/frame1434.jpg 691,390,755,456,0 786,498,877,581,0 547,554,575,574,0 654,435,684,503,0
images/frame1970.jpg 703,394,855,480,0
images/frame386.jpg 750,433,833,508,0
images/frame1033.jpg 503,382,605,507,0
images/frame1835.jpg 756,401,820,430,0
images/frame408.jpg 819,477,858,512,0 761,458,801,485,0 727,432,793,446,0 720,407,761,424,0 498,406,606,493,0
images/frame427.jpg 524,408,590,448,0
images/frame136.jpg 546,551,620,582,0 697,497,720,514,0 563,454,671,511,0 596,411,659,443,0 461,456,557,481,0 523,438,575,454,0
images/frame96.jpg 741,428,793,450,0 573,431,625,451,0